1000 0.000200
11000 0.002532
21000 0.005356
31000 0.009160
41000 0.011750
51000 0.015743
61000 0.020429
71000 0.025166
81000 0.028871
91000 0.036849
101000 0.042424
111000 0.048299
121000 0.053808
131000 0.065590
141000 0.073594
151000 0.082187
161000 0.092470
171000 0.099257
181000 0.108937
191000 0.117585
201000 0.133708
211000 0.142705
221000 0.152884
231000 0.165885
241000 0.179530
251000 0.192085
261000 0.205265
271000 0.215160
281000 0.229647
291000 0.241915
301000 0.272534
311000 0.307865
321000 0.325676
331000 0.351528
341000 0.364874
351000 0.382212
361000 0.399857
371000 0.414319
381000 0.413808
391000 0.433278
401000 0.473585
411000 0.518755
421000 0.517487
431000 0.518845
441000 0.536433
451000 0.555422
461000 0.578058
471000 0.606261
481000 0.622955
491000 0.646237
501000 0.672522
511000 0.701666
521000 0.711769
531000 0.748320
541000 0.780758
551000 0.809547
561000 0.838066
571000 0.858529
581000 0.893717
591000 0.909291
601000 0.946449
611000 1.026962
621000 1.017595
631000 1.051386
641000 1.161344
651000 1.134088
661000 1.136761
671000 1.233655
681000 1.223866
691000 1.219463
701000 1.278827
711000 1.332268
721000 1.369530
731000 1.385656
741000 1.383253
751000 1.456801
761000 1.570580
771000 1.679831
781000 1.628179
791000 1.628066
801000 1.708133
811000 1.921319
821000 1.855599
831000 1.908411
841000 1.968138
851000 1.994734
861000 2.002378
871000 2.155334
881000 2.133627
891000 2.022216
901000 2.089798
911000 2.077980
921000 2.146227
931000 2.190125
941000 2.207512
951000 2.254082
961000 2.330758
971000 2.296576
981000 2.433125
991000 2.451964
