1000 0.000176
11000 0.002258
21000 0.004478
31000 0.008218
41000 0.011556
51000 0.014859
61000 0.018817
71000 0.024321
81000 0.028937
91000 0.034570
101000 0.041986
111000 0.046414
121000 0.054362
131000 0.063588
141000 0.069424
151000 0.077444
161000 0.089420
171000 0.095335
181000 0.105041
191000 0.114737
201000 0.126075
211000 0.145174
221000 0.150490
231000 0.159980
241000 0.172852
251000 0.185720
261000 0.197624
271000 0.209395
281000 0.226517
291000 0.241482
301000 0.254015
311000 0.275100
321000 0.292315
331000 0.297218
341000 0.321073
351000 0.347263
361000 0.358385
371000 0.377931
381000 0.395557
391000 0.410191
401000 0.444169
411000 0.450535
421000 0.478027
431000 0.494862
441000 0.544398
451000 0.543106
461000 0.564099
471000 0.602514
481000 0.630208
491000 0.650344
501000 0.688050
511000 0.701339
521000 0.790140
531000 0.780149
541000 0.813936
551000 0.865561
561000 0.877912
571000 0.895530
581000 0.945572
591000 0.925699
601000 0.970104
611000 1.009592
621000 0.996548
631000 1.070611
641000 1.076431
651000 1.115409
661000 1.141348
671000 1.170507
681000 1.217132
691000 1.234509
701000 1.288949
711000 1.332754
721000 1.419747
731000 1.405590
741000 1.437000
751000 1.486035
761000 1.483163
771000 1.567679
781000 1.658263
791000 1.638570
801000 1.723406
811000 1.711780
821000 1.762138
831000 1.830956
841000 1.754463
851000 1.815926
861000 1.944979
871000 2.009565
881000 2.091072
891000 2.047502
901000 2.095685
911000 2.117674
921000 2.111163
931000 2.161723
941000 2.188095
951000 2.229234
961000 2.294160
971000 2.324274
981000 2.390295
991000 2.392648
