1000 0.000412
11000 0.005241
21000 0.010163
31000 0.014126
41000 0.017640
51000 0.020375
61000 0.024509
71000 0.028761
81000 0.032452
91000 0.037078
101000 0.041004
111000 0.044386
121000 0.049041
131000 0.052278
141000 0.058036
151000 0.061911
161000 0.066161
171000 0.070910
181000 0.071928
191000 0.076165
201000 0.080871
211000 0.085406
221000 0.089538
231000 0.093799
241000 0.098860
251000 0.101208
261000 0.105600
271000 0.109736
281000 0.112113
291000 0.117898
301000 0.121941
311000 0.126044
321000 0.129499
331000 0.134955
341000 0.136516
351000 0.143318
361000 0.147391
371000 0.150895
381000 0.155106
391000 0.159383
401000 0.164461
411000 0.168968
421000 0.173303
431000 0.178124
441000 0.181939
451000 0.185965
461000 0.189116
471000 0.195922
481000 0.201236
491000 0.201043
501000 0.207254
511000 0.211002
521000 0.214442
531000 0.220155
541000 0.224810
551000 0.229238
561000 0.232746
571000 0.236862
581000 0.241121
591000 0.244129
601000 0.248937
611000 0.254046
621000 0.257674
631000 0.261948
641000 0.266306
651000 0.269602
661000 0.275077
671000 0.279872
681000 0.283553
691000 0.288693
701000 0.292638
711000 0.297155
721000 0.301455
731000 0.309476
741000 0.309494
751000 0.314541
761000 0.320651
771000 0.326061
781000 0.326338
791000 0.331808
801000 0.335360
811000 0.342036
821000 0.347548
831000 0.350760
841000 0.355029
851000 0.357808
861000 0.362951
871000 0.368473
881000 0.371533
891000 0.375238
901000 0.379491
911000 0.383947
921000 0.387312
931000 0.393733
941000 0.397599
951000 0.401083
961000 0.406835
971000 0.421528
981000 0.413900
991000 0.417288
