Testing with random elements:
100000 0.047451, 0.021692
200000 0.092173, 0.049533
300000 0.152459, 0.085332
400000 0.224471, 0.1272
500000 0.395288, 0.2806
600000 0.64385, 0.261099
700000 0.594178, 0.349613
800000 0.838235, 0.520989
900000 1.18208, 0.655656
1000000 1.24634, 0.823475

Testing with sorted elements:
100000 0.041695, 0.015007
200000 0.075927, 0.031293
300000 0.125357, 0.061476
400000 0.172728, 0.063983
500000 0.205971, 0.085104
600000 0.270932, 0.107552
700000 0.311195, 0.121361
800000 0.377093, 0.139281
900000 0.442652, 0.169941
1000000 0.486273, 0.185356
