1000 0.000394
11000 0.005271
21000 0.009874
31000 0.014521
41000 0.017670
51000 0.020697
61000 0.024524
71000 0.027932
81000 0.031174
91000 0.036291
101000 0.040742
111000 0.044691
121000 0.049151
131000 0.053153
141000 0.057093
151000 0.061683
161000 0.066030
171000 0.074848
181000 0.077013
191000 0.077789
201000 0.087263
211000 0.095959
221000 0.103588
231000 0.099685
241000 0.100067
251000 0.103569
261000 0.107325
271000 0.110434
281000 0.115376
291000 0.119086
301000 0.119903
311000 0.128737
321000 0.137659
331000 0.147906
341000 0.149412
351000 0.151850
361000 0.158568
371000 0.163405
381000 0.154734
391000 0.169445
401000 0.167064
411000 0.174900
421000 0.188025
431000 0.194937
441000 0.182066
451000 0.202661
461000 0.237586
471000 0.203757
481000 0.204665
491000 0.215105
501000 0.218169
511000 0.222073
521000 0.256389
531000 0.244619
541000 0.241963
551000 0.260625
561000 0.259320
571000 0.257386
581000 0.262824
591000 0.306444
601000 0.260039
611000 0.266519
621000 0.270969
631000 0.269492
641000 0.267533
651000 0.271189
661000 0.275966
671000 0.282022
681000 0.285903
691000 0.289204
701000 0.293842
711000 0.292918
721000 0.302630
731000 0.306966
741000 0.307753
751000 0.315304
761000 0.318624
771000 0.321027
781000 0.326881
791000 0.331679
801000 0.334537
811000 0.348391
821000 0.341961
831000 0.350435
841000 0.352401
851000 0.359127
861000 0.365358
871000 0.363325
881000 0.372402
891000 0.375393
901000 0.380217
911000 0.384958
921000 0.389722
931000 0.394416
941000 0.393792
951000 0.398183
961000 0.407175
971000 0.409840
981000 0.415098
991000 0.420292
