10000 5.18e-06
20000 8.68e-07
30000 1.308e-06
40000 4.24e-06
50000 1.934e-06
60000 4.935e-06
70000 3.617e-06
80000 2.905e-06
90000 6.134e-06
100000 3.603e-06
110000 5.16e-06
120000 4.622e-06
130000 9.021e-06
140000 9.685e-06
150000 1.0775e-05
160000 1.2987e-05
170000 1.0889e-05
180000 1.3394e-05
190000 1.3381e-05
200000 1.0201e-05
210000 1.2662e-05
220000 1.2411e-05
230000 1.3255e-05
240000 1.5009e-05
250000 1.5313e-05
260000 1.4319e-05
270000 1.6462e-05
280000 1.805e-05
290000 1.9894e-05
300000 1.7206e-05
310000 2.0428e-05
320000 2.7222e-05
330000 1.8757e-05
340000 2.0758e-05
350000 1.9433e-05
360000 2.3751e-05
370000 2.1649e-05
380000 2.6308e-05
390000 2.3551e-05
400000 2.4532e-05
410000 2.3012e-05
420000 2.6346e-05
430000 2.5201e-05
440000 2.7007e-05
450000 2.8537e-05
460000 3.1112e-05
470000 2.9229e-05
480000 3.2899e-05
490000 2.9543e-05
500000 3.726e-05
510000 3.6482e-05
520000 3.243e-05
530000 3.1194e-05
540000 3.1213e-05
550000 3.9815e-05
560000 3.6866e-05
570000 3.527e-05
580000 3.5409e-05
590000 3.9635e-05
600000 3.755e-05
610000 3.3881e-05
620000 5.17e-05
630000 3.8887e-05
640000 4.2389e-05
650000 3.627e-05
660000 3.9006e-05
670000 3.7807e-05
680000 4.2077e-05
690000 4.4593e-05
700000 5.0922e-05
710000 5.0451e-05
720000 4.1066e-05
730000 5.3425e-05
740000 5.284e-05
750000 4.538e-05
760000 4.202e-05
770000 4.6734e-05
780000 4.6763e-05
790000 4.9185e-05
800000 5.4314e-05
810000 5.0704e-05
820000 5.2566e-05
830000 5.2008e-05
840000 5.3773e-05
850000 5.1457e-05
860000 5.087e-05
870000 5.0884e-05
880000 5.093e-05
890000 5.6413e-05
900000 5.445e-05
910000 5.7463e-05
920000 5.288e-05
930000 6.2284e-05
940000 6.2265e-05
950000 5.6576e-05
960000 5.8013e-05
970000 5.4666e-05
980000 6.568e-05
990000 6.5135e-05
1000000 5.7743e-05
