10000 5.432e-06
20000 2.195e-06
30000 2.177e-06
40000 1.7386e-05
50000 2.809e-06
60000 4.889e-06
70000 4.107e-06
80000 3.803e-06
90000 7.095e-06
100000 6.324e-06
110000 8.863e-06
120000 6.609e-06
130000 5.824e-06
140000 7.15e-06
150000 8.762e-06
160000 1.0003e-05
170000 8.456e-06
180000 8.83e-06
190000 4.0389e-05
200000 1.0604e-05
210000 1.4447e-05
220000 1.2041e-05
230000 1.084e-05
240000 1.5559e-05
250000 1.3497e-05
260000 1.6343e-05
270000 4.4094e-05
280000 1.4534e-05
290000 2.1992e-05
300000 1.9184e-05
310000 2.2476e-05
320000 1.9158e-05
330000 1.8421e-05
340000 2.6228e-05
350000 2.1517e-05
360000 2.216e-05
370000 2.2102e-05
380000 2.3773e-05
390000 2.753e-05
400000 2.5839e-05
410000 2.7712e-05
420000 3.0012e-05
430000 2.604e-05
440000 2.6936e-05
450000 3.2845e-05
460000 2.665e-05
470000 2.7551e-05
480000 2.8387e-05
490000 2.9523e-05
500000 3.0549e-05
510000 3.4286e-05
520000 3.1261e-05
530000 2.9653e-05
540000 3.0284e-05
550000 3.1512e-05
560000 3.0015e-05
570000 3.339e-05
580000 3.0423e-05
590000 4.245e-05
600000 4.5387e-05
610000 3.5615e-05
620000 3.4982e-05
630000 3.4036e-05
640000 3.0825e-05
650000 4.2929e-05
660000 3.0864e-05
670000 3.4836e-05
680000 5.7491e-05
690000 5.1473e-05
700000 4.941e-05
710000 3.9933e-05
720000 4.105e-05
730000 4.5745e-05
740000 5.0213e-05
750000 6.7012e-05
760000 4.4485e-05
770000 4.9397e-05
780000 4.5581e-05
790000 6.6977e-05
800000 5.6684e-05
810000 6.3122e-05
820000 4.8049e-05
830000 3.8575e-05
840000 4.2286e-05
850000 4.3785e-05
860000 4.8699e-05
870000 6.298e-05
880000 5.026e-05
890000 5.9226e-05
900000 5.1101e-05
910000 5.9411e-05
920000 5.6023e-05
930000 5.5813e-05
940000 5.5024e-05
950000 6.1064e-05
960000 8.2506e-05
970000 6.4598e-05
980000 8.6757e-05
990000 6.3401e-05
1000000 5.7025e-05
