10000 4.458e-06
20000 9.45e-07
30000 0.00126191
40000 0.00183692
50000 0.00376863
60000 0.00523533
70000 0.00295845
80000 0.00890019
90000 0.00986164
100000 0.00641323
110000 0.0140241
120000 0.0101106
130000 0.0252255
140000 0.0134905
150000 0.0294077
160000 0.0271602
170000 0.0254238
180000 0.0303071
190000 0.0659839
200000 0.0505706
210000 0.027809
220000 0.0372882
230000 0.0487314
240000 0.0588447
250000 0.0726617
260000 0.0687506
270000 0.0835353
280000 0.0609549
290000 0.0820092
300000 0.097295
310000 0.114303
320000 0.122148
330000 0.126711
340000 0.101701
350000 0.119143
360000 0.137329
370000 0.127065
380000 0.144711
390000 0.181136
400000 0.230209
410000 0.156822
420000 0.214174
430000 0.137582
440000 0.188912
450000 0.193619
460000 0.24504
470000 0.242386
480000 0.266435
490000 0.251084
500000 0.288653
510000 0.217559
520000 0.222707
530000 0.365142
540000 0.312216
550000 0.311828
560000 0.369109
570000 0.394884
580000 0.336247
590000 0.383835
600000 0.398147
610000 0.43104
620000 0.401452
630000 0.394786
640000 0.435714
650000 0.452187
660000 0.511736
670000 0.599528
680000 0.579088
690000 0.534952
700000 0.647615
710000 0.596554
720000 0.504427
730000 0.594307
740000 0.747563
750000 0.602347
760000 0.692342
770000 0.584308
780000 0.508263
790000 0.666136
800000 0.8134
810000 0.916646
820000 0.917651
830000 0.766397
840000 0.827505
850000 0.96531
860000 0.85875
870000 0.913499
880000 0.89271
890000 0.849092
900000 1.01117
910000 0.81915
920000 0.82704
930000 0.918371
940000 0.825587
950000 0.979924
960000 0.910905
970000 0.95822
980000 1.12965
990000 1.15962
1000000 1.19404
