10000 0.00030221
20000 0.000905978
30000 0.00193044
40000 0.00342234
50000 0.00318487
60000 0.00767677
70000 0.00753674
80000 0.0115702
90000 0.00778959
100000 0.0129142
110000 0.014443
120000 0.0336251
130000 0.0337676
140000 0.0336207
150000 0.0474435
160000 0.025635
170000 0.0542026
180000 0.0503364
190000 0.0615729
200000 0.0683699
210000 0.0712491
220000 0.0811745
230000 0.0664532
240000 0.0930949
250000 0.0839876
260000 0.0991927
270000 0.120984
280000 0.0999956
290000 0.123745
300000 0.132803
310000 0.161086
320000 0.145747
330000 0.150417
340000 0.198895
350000 0.171223
360000 0.218393
370000 0.202085
380000 0.199158
390000 0.281463
400000 0.238249
410000 0.285887
420000 0.247701
430000 0.253871
440000 0.299995
450000 0.2573
460000 0.333265
470000 0.237435
480000 0.327531
490000 0.321954
500000 0.345245
510000 0.428018
520000 0.342675
530000 0.447838
540000 0.444076
550000 0.463975
560000 0.39412
570000 0.534841
580000 0.551011
590000 0.532914
600000 0.667253
610000 0.597294
620000 0.612447
630000 0.724004
640000 0.633284
650000 0.704958
660000 0.778165
670000 0.759722
680000 0.664291
690000 0.790718
700000 0.670567
710000 0.827076
720000 0.905794
730000 0.811753
740000 0.862273
750000 0.787536
760000 0.927799
770000 0.955838
780000 0.991122
790000 0.985023
800000 0.989737
810000 1.1882
820000 1.22908
830000 1.10749
840000 1.16772
850000 1.06379
860000 1.03388
870000 1.20232
880000 1.20918
890000 1.27483
900000 1.26585
910000 1.48781
920000 1.38802
930000 1.41079
940000 1.48287
950000 1.5597
960000 1.54073
970000 1.43605
980000 1.68917
990000 1.45612
1000000 1.79095
