1000 0.000323
11000 0.007485
21000 0.018537
31000 0.027980
41000 0.041392
51000 0.055891
61000 0.065087
71000 0.078643
81000 0.098502
91000 0.125805
101000 0.152635
111000 0.163523
121000 0.181665
131000 0.211824
141000 0.240519
151000 0.256011
161000 0.292512
171000 0.304166
181000 0.345228
191000 0.370156
201000 0.374066
211000 0.404834
221000 0.445632
231000 0.474837
241000 0.485673
251000 0.545656
261000 0.559372
271000 0.610979
281000 0.633943
291000 0.665325
301000 0.710318
311000 0.753908
321000 0.804226
331000 0.795559
341000 0.855578
351000 0.881075
361000 0.937663
371000 0.927660
381000 0.972840
391000 0.995036
401000 1.057433
411000 1.197480
421000 1.222893
431000 1.321298
441000 1.346826
451000 1.303193
461000 1.403219
471000 1.443026
481000 1.597300
491000 1.739630
501000 1.710061
511000 1.639510
521000 1.799205
531000 1.769644
541000 1.807602
551000 1.785418
561000 1.995237
571000 2.138627
581000 2.161681
591000 2.043526
601000 2.139157
611000 2.362103
621000 2.360908
631000 2.394986
641000 2.389344
651000 2.490967
661000 2.463939
671000 2.533910
681000 2.618291
691000 2.676442
701000 2.702085
711000 2.717669
721000 2.807793
731000 2.822081
741000 2.743207
751000 2.818894
761000 2.912599
771000 3.009833
781000 3.078038
791000 3.034123
801000 3.069649
811000 3.333299
821000 3.345026
831000 3.479780
841000 3.371700
851000 3.431498
861000 3.436717
871000 3.832923
881000 3.769933
891000 4.077424
901000 4.013964
911000 4.119811
921000 4.396554
931000 3.890811
941000 4.053988
951000 4.107911
961000 4.039837
971000 4.087723
981000 4.423339
991000 4.412359
