1000 0.000300
11000 0.004123
21000 0.007863
31000 0.011958
41000 0.015416
51000 0.019295
61000 0.024769
71000 0.026506
81000 0.030426
91000 0.035170
101000 0.040455
111000 0.044440
121000 0.047568
131000 0.052785
141000 0.057366
151000 0.058977
161000 0.064878
171000 0.072016
181000 0.074645
191000 0.077150
201000 0.082074
211000 0.087166
221000 0.094189
231000 0.102560
241000 0.099687
251000 0.103249
261000 0.106197
271000 0.112121
281000 0.114270
291000 0.118005
301000 0.124036
311000 0.128206
321000 0.130352
331000 0.137493
341000 0.142389
351000 0.142055
361000 0.149574
371000 0.152928
381000 0.157722
391000 0.161104
401000 0.167680
411000 0.171277
421000 0.184278
431000 0.192148
441000 0.192250
451000 0.206507
461000 0.196152
471000 0.190890
481000 0.199494
491000 0.215258
501000 0.226462
511000 0.225586
521000 0.215598
531000 0.235577
541000 0.244993
551000 0.250804
561000 0.251375
571000 0.243672
581000 0.254772
591000 0.260230
601000 0.272122
611000 0.273856
621000 0.269857
631000 0.280203
641000 0.287578
651000 0.282539
661000 0.288836
671000 0.293457
681000 0.291236
691000 0.307810
701000 0.304040
711000 0.306068
721000 0.302380
731000 0.314062
741000 0.310390
751000 0.314903
761000 0.319602
771000 0.322314
781000 0.339546
791000 0.332046
801000 0.336406
811000 0.342307
821000 0.340794
831000 0.350767
841000 0.356792
851000 0.357831
861000 0.395990
871000 0.368644
881000 0.372536
891000 0.377768
901000 0.380959
911000 0.385213
921000 0.386324
931000 0.394561
941000 0.399847
951000 0.404111
961000 0.408083
971000 0.411826
981000 0.425776
991000 0.421716
