1000 0.000390
11000 0.005382
21000 0.010272
31000 0.014814
41000 0.017194
51000 0.020324
61000 0.024635
71000 0.028575
81000 0.031329
91000 0.034959
101000 0.040634
111000 0.045355
121000 0.048940
131000 0.053111
141000 0.057863
151000 0.062110
161000 0.066579
171000 0.070753
181000 0.072813
191000 0.076195
201000 0.079153
211000 0.084369
221000 0.110747
231000 0.098159
241000 0.100052
251000 0.103974
261000 0.105708
271000 0.110803
281000 0.114164
291000 0.119038
301000 0.121450
311000 0.126437
321000 0.130395
331000 0.134834
341000 0.139310
351000 0.144148
361000 0.144936
371000 0.151552
381000 0.153092
391000 0.159677
401000 0.163710
411000 0.167689
421000 0.172338
431000 0.176996
441000 0.181489
451000 0.185123
461000 0.188954
471000 0.193573
481000 0.198325
491000 0.202112
501000 0.207184
511000 0.211801
521000 0.213873
531000 0.218487
541000 0.224865
551000 0.228170
561000 0.232329
571000 0.236659
581000 0.240152
591000 0.243813
601000 0.248501
611000 0.253305
621000 0.256044
631000 0.259702
641000 0.274152
651000 0.269930
661000 0.274406
671000 0.279593
681000 0.283326
691000 0.290297
701000 0.292503
711000 0.293965
721000 0.301611
731000 0.306117
741000 0.316575
751000 0.313338
761000 0.316026
771000 0.322441
781000 0.325429
791000 0.330346
801000 0.336046
811000 0.340127
821000 0.346129
831000 0.350466
841000 0.354086
851000 0.359092
861000 0.357814
871000 0.363114
881000 0.381435
891000 0.370573
901000 0.378569
911000 0.384385
921000 0.388364
931000 0.393475
941000 0.396459
951000 0.403406
961000 0.402645
971000 0.410231
981000 0.414498
991000 0.418440
