1000 0.000300
11000 0.004017
21000 0.007836
31000 0.011909
41000 0.015678
51000 0.019715
61000 0.023408
71000 0.028205
81000 0.032163
91000 0.035927
101000 0.040510
111000 0.043453
121000 0.048116
131000 0.052518
141000 0.056921
151000 0.060552
161000 0.068091
171000 0.077171
181000 0.078476
191000 0.083334
201000 0.082469
211000 0.090592
221000 0.108032
231000 0.104520
241000 0.106861
251000 0.114340
261000 0.113591
271000 0.120810
281000 0.123955
291000 0.130852
301000 0.135320
311000 0.133924
321000 0.136748
331000 0.142386
341000 0.177627
351000 0.180760
361000 0.155205
371000 0.161823
381000 0.163817
391000 0.167162
401000 0.174672
411000 0.182343
421000 0.177859
431000 0.190410
441000 0.190555
451000 0.207271
461000 0.187091
471000 0.195507
481000 0.200358
491000 0.203290
501000 0.207373
511000 0.216012
521000 0.219369
531000 0.225860
541000 0.228529
551000 0.233259
561000 0.232497
571000 0.239703
581000 0.240638
591000 0.250226
601000 0.258731
611000 0.256688
621000 0.263048
631000 0.266902
641000 0.267095
651000 0.270428
661000 0.285408
671000 0.286600
681000 0.286386
691000 0.285748
701000 0.293430
711000 0.294952
721000 0.300299
731000 0.306380
741000 0.315931
751000 0.331787
761000 0.320840
771000 0.323517
781000 0.330121
791000 0.334816
801000 0.342225
811000 0.347818
821000 0.357247
831000 0.360549
841000 0.363788
851000 0.364439
861000 0.369533
871000 0.375553
881000 0.375050
891000 0.382487
901000 0.395333
911000 0.423835
921000 0.433580
931000 0.424294
941000 0.467295
951000 0.447868
961000 0.451182
971000 0.461331
981000 0.453868
991000 0.460344
