1000 0.000395
11000 0.005512
21000 0.010568
31000 0.014483
41000 0.017443
51000 0.020919
61000 0.024440
71000 0.027757
81000 0.031920
91000 0.036862
101000 0.040449
111000 0.044540
121000 0.048749
131000 0.052007
141000 0.058011
151000 0.060198
161000 0.064165
171000 0.071135
181000 0.075932
191000 0.077012
201000 0.079962
211000 0.084175
221000 0.091293
231000 0.100076
241000 0.100628
251000 0.103148
261000 0.105330
271000 0.110351
281000 0.115552
291000 0.119402
301000 0.122876
311000 0.125776
321000 0.129603
331000 0.134679
341000 0.139302
351000 0.142597
361000 0.156428
371000 0.172498
381000 0.172841
391000 0.173014
401000 0.181993
411000 0.188749
421000 0.195824
431000 0.193348
441000 0.199409
451000 0.205209
461000 0.196339
471000 0.198375
481000 0.209670
491000 0.257845
501000 0.222724
511000 0.209885
521000 0.215248
531000 0.220294
541000 0.228407
551000 0.236130
561000 0.242308
571000 0.238979
581000 0.240792
591000 0.254801
601000 0.251375
611000 0.259399
621000 0.257401
631000 0.262333
641000 0.273439
651000 0.277083
661000 0.277187
671000 0.279085
681000 0.290526
691000 0.286434
701000 0.293454
711000 0.298044
721000 0.305348
731000 0.307127
741000 0.316507
751000 0.323728
761000 0.318831
771000 0.328687
781000 0.335155
791000 0.331170
801000 0.344231
811000 0.345328
821000 0.361774
831000 0.352410
841000 0.360724
851000 0.368170
861000 0.364178
871000 0.369637
881000 0.379673
891000 0.383601
901000 0.390529
911000 0.404456
921000 0.401914
931000 0.407499
941000 0.407261
951000 0.411548
961000 0.473075
971000 0.417783
981000 0.420001
991000 0.430869
