100 0.000045
200 0.000154
300 0.000356
400 0.000558
500 0.000836
600 0.001202
700 0.001627
800 0.002300
900 0.002716
1000 0.003091
1100 0.004085
1200 0.004426
1300 0.005503
1400 0.005926
1500 0.006708
1600 0.007930
1700 0.008531
1800 0.009693
1900 0.010923
2000 0.011798
2100 0.013608
2200 0.014547
2300 0.015712
2400 0.017256
2500 0.021226
2600 0.030954
2700 0.033141
2800 0.026647
2900 0.026440
3000 0.026433
3100 0.027793
3200 0.030050
3300 0.031105
3400 0.032818
3500 0.035711
3600 0.037534
3700 0.040533
3800 0.041897
3900 0.044518
4000 0.046436
4100 0.048403
4200 0.051212
4300 0.054868
4400 0.055332
4500 0.059457
4600 0.061936
4700 0.064972
4800 0.067753
4900 0.070119
5000 0.071828
5100 0.073485
5200 0.077588
5300 0.081538
5400 0.083005
5500 0.087598
5600 0.091177
5700 0.093066
5800 0.094677
5900 0.099718
6000 0.104612
6100 0.105180
6200 0.112028
6300 0.112658
6400 0.117511
6500 0.122609
6600 0.126515
6700 0.129949
6800 0.133573
6900 0.136337
7000 0.140035
7100 0.144594
7200 0.152957
7300 0.155840
7400 0.165746
7500 0.172297
7600 0.171724
7700 0.175112
7800 0.186854
7900 0.203279
8000 0.201332
8100 0.219959
8200 0.235962
8300 0.216962
8400 0.217078
8500 0.219954
8600 0.227063
8700 0.224256
8800 0.232474
8900 0.239066
9000 0.247708
9100 0.244681
9200 0.259680
9300 0.259941
9400 0.271424
9500 0.292254
9600 0.287589
9700 0.294986
9800 0.296474
9900 0.362634
100 0.000059
200 0.000206
300 0.000465
400 0.000800
500 0.001171
600 0.001668
700 0.002283
800 0.003036
900 0.003493
1000 0.004470
1100 0.005217
1200 0.005723
1300 0.006749
1400 0.007003
1500 0.008273
1600 0.008606
1700 0.009601
1800 0.010657
1900 0.011290
2000 0.012347
2100 0.013552
2200 0.014899
2300 0.016385
2400 0.017639
2500 0.019416
2600 0.021093
2700 0.022350
2800 0.023813
2900 0.025536
3000 0.027159
3100 0.028955
3200 0.030770
3300 0.033082
3400 0.034847
3500 0.036892
3600 0.039018
3700 0.041453
3800 0.043370
3900 0.045915
4000 0.048216
4100 0.050739
4200 0.053053
4300 0.055574
4400 0.058048
4500 0.060992
4600 0.063648
4700 0.065946
4800 0.069317
4900 0.083704
5000 0.075945
5100 0.076576
5200 0.077757
5300 0.084364
5400 0.087668
5500 0.090792
5600 0.093395
5700 0.097656
5800 0.099713
5900 0.100214
6000 0.106318
6100 0.111633
6200 0.113612
6300 0.119041
6400 0.122966
6500 0.126861
6600 0.130621
6700 0.134974
6800 0.135635
6900 0.143161
7000 0.146471
7100 0.148338
7200 0.154518
7300 0.159119
7400 0.166496
7500 0.170863
7600 0.173386
7700 0.177801
7800 0.180640
7900 0.182632
8000 0.191156
8100 0.196506
8200 0.195418
8300 0.206759
8400 0.213809
8500 0.215057
8600 0.226349
8700 0.228190
8800 0.237742
8900 0.243598
9000 0.242706
9100 0.249678
9200 0.255738
9300 0.265389
9400 0.268063
9500 0.275881
9600 0.286457
9700 0.297000
9800 0.298654
9900 0.304730
10000 0.305856
