100 0.000028
200 0.000083
300 0.000194
400 0.000330
500 0.000517
600 0.000737
700 0.001024
800 0.001271
900 0.001464
1000 0.001766
1100 0.002233
1200 0.002620
1300 0.002923
1400 0.003372
1500 0.003927
1600 0.004484
1700 0.005010
1800 0.005017
1900 0.005933
2000 0.006294
2100 0.006606
2200 0.007134
2300 0.006727
2400 0.007716
2500 0.008135
2600 0.008765
2700 0.009485
2800 0.010187
2900 0.010843
3000 0.011209
3100 0.011584
3200 0.012119
3300 0.013243
3400 0.013235
3500 0.014248
3600 0.014844
3700 0.016553
3800 0.017256
3900 0.018352
4000 0.019194
4100 0.020471
4200 0.021178
4300 0.022255
4400 0.023351
4500 0.024673
4600 0.025325
4700 0.026530
4800 0.027716
4900 0.028725
5000 0.030423
5100 0.031346
5200 0.032878
5300 0.033689
5400 0.035359
5500 0.036498
5600 0.037330
5700 0.039350
5800 0.040974
5900 0.041778
6000 0.043607
6100 0.045141
6200 0.047536
6300 0.049754
6400 0.048954
6500 0.051210
6600 0.052690
6700 0.053805
6800 0.055791
6900 0.057646
7000 0.059257
7100 0.061498
7200 0.062183
7300 0.064988
7400 0.066812
7500 0.066961
7600 0.068557
7700 0.072420
7800 0.073218
7900 0.077136
8000 0.074311
8100 0.078975
8200 0.079637
8300 0.080345
8400 0.084091
8500 0.087850
8600 0.090289
8700 0.091939
8800 0.092840
8900 0.093590
9000 0.094373
9100 0.100308
9200 0.103591
9300 0.103595
9400 0.107507
9500 0.108224
9600 0.110610
9700 0.113484
9800 0.115345
9900 0.119915
