100 0.000051
200 0.000153
300 0.000328
400 0.000572
500 0.000870
600 0.001248
700 0.001672
800 0.002144
900 0.002739
1000 0.003277
1100 0.003955
1200 0.004518
1300 0.005152
1400 0.005347
1500 0.006096
1600 0.006925
1700 0.007541
1800 0.008229
1900 0.009015
2000 0.009612
2100 0.010438
2200 0.011487
2300 0.012654
2400 0.013858
2500 0.015013
2600 0.016077
2700 0.017220
2800 0.018491
2900 0.019801
3000 0.021669
3100 0.023670
3200 0.024442
3300 0.025627
3400 0.026738
3500 0.027725
3600 0.029303
3700 0.031254
3800 0.033915
3900 0.036076
4000 0.037589
4100 0.039278
4200 0.041347
4300 0.043308
4400 0.045358
4500 0.047492
4600 0.051884
4700 0.051749
4800 0.053279
4900 0.057101
5000 0.059111
5100 0.060698
5200 0.062399
5300 0.065757
5400 0.068120
5500 0.070895
5600 0.072306
5700 0.071972
5800 0.074522
5900 0.079667
6000 0.083267
6100 0.082880
6200 0.092102
6300 0.092923
6400 0.093284
6500 0.093050
6600 0.100924
6700 0.104721
6800 0.106629
6900 0.109744
7000 0.110158
7100 0.115481
7200 0.120470
7300 0.123428
7400 0.125059
7500 0.129222
7600 0.132476
7700 0.137200
7800 0.141443
7900 0.143400
8000 0.144061
8100 0.149791
8200 0.148706
8300 0.152643
8400 0.160686
8500 0.164013
8600 0.163219
8700 0.167493
8800 0.176946
8900 0.183816
9000 0.188303
9100 0.191463
9200 0.196287
9300 0.192304
9400 0.201065
9500 0.207792
9600 0.207868
9700 0.214197
9800 0.220670
9900 0.215684
